Sample	FastQC_mqc-generalstats-percent_duplicates	FastQC_mqc-generalstats-percent_gc	FastQC_mqc-generalstats-avg_sequence_length	FastQC_mqc-generalstats-percent_fails	FastQC_mqc-generalstats-total_sequences
A30	82.29419100572707	55.0	50.0	18.181818181818183	31829254.0
A48	75.27841933103029	52.0	50.0	18.181818181818183	23279297.0
A72	83.74983371032368	52.0	50.0	27.27272727272727	24914527.0
B30	52.519136879387	49.0	50.0	18.181818181818183	22400161.0
B48	55.4621508126641	49.0	50.0	18.181818181818183	26877266.0
B72	67.08922908475407	50.0	50.0	9.090909090909092	29083782.0
C30	48.7514151212061	48.0	50.0	0.0	25224904.0
C48	52.859629708470806	46.0	50.0	9.090909090909092	33345223.0
C72	55.17167995541182	47.0	50.0	9.090909090909092	24651944.0
